20000
365.739000
2.126000
1.817000
383.343000
2.170000
1.618000
377.619000
2.167000
1.633000
>>
40000
1684.283000
4.437000
3.800000
1670.334000
16.292000
4.489000
1647.627000
4.375000
3.401000
>>
60000
3869.499000
7.239000
5.715000
3837.276000
7.074000
5.571000
3889.482000
7.643000
5.871000
>>
80000
6884.489000
9.855000
8.268000
6938.963000
9.397000
8.054000
6887.773000
9.316000
8.027000
>>
100000
10899.951000
11.774000
11.208000
11275.718000
12.439000
10.745000
11142.722000
12.067000
10.829000
>>
120000
16041.992000
14.784000
14.100000
16183.159000
15.192000
12.817000
16145.396000
14.686000
12.600000
>>
140000
21830.454000
17.801000
15.281000
21850.471000
17.790000
14.371000
18505.458000
18.040000
13.689000
>>
160000
24009.241000
20.141000
16.459000
24114.875000
21.067000
16.270000
24058.199000
20.606000
16.852000
>>
180000
31531.351000
24.150000
18.747000
31468.754000
22.691000
17.981000
31363.641000
23.043000
18.482000
>>
200000
40307.170000
27.710000
20.175000
40313.114000
26.353000
20.439000
39717.580000
26.420000
20.394000
>>
220000
48563.074000
27.787000
22.317000
47551.569000
27.990000
21.928000
47631.715000
27.263000
22.221000
>>
240000
57476.701000
31.330000
25.143000
57638.100000
30.814000
25.129000
57746.254000
32.172000
25.847000
>>
260000
68286.538000
36.737000
27.238000
94294.104000
63.425000
61.820000
92828.663000
37.140000
30.593000
>>
280000
93272.619000
43.934000
37.268000
94834.414000
43.951000
35.474000
99969.767000
49.655000
37.906000
>>
300000
126853.777000
83.681000
74.087000
122051.803000
43.674000
34.884000
119230.382000
154.257000
105.560000
>>
320000
134287.603000
46.579000
39.226000
121941.341000
47.883000
36.219000
119113.191000
47.725000
36.835000
>>
340000
134811.068000
49.256000
40.225000
134404.900000
49.964000
38.687000
135787.641000
51.644000
41.585000
>>
360000
160746.257000
60.118000
46.873000
154827.132000
60.317000
47.235000
152871.412000
53.531000
42.532000
>>
380000
171677.263000
61.065000
50.701000
172422.139000
58.666000
46.742000
171496.913000
56.335000
46.148000
>>
400000
210510.932000
60.258000
51.880000
174161.904000
60.858000
54.568000
174400.627000
61.739000
54.260000
>>
